  20.14387  16.31087  16.57099  17.32659  15.85055  15.89018  19.03223  20.16989  21.86650  20.29930  24.24110  20.78181
  25.92007  23.73107  19.40417  20.90228  18.40848  17.76608  19.67350  20.62082  20.41493  18.82279  19.93794  19.96908
  21.09729  22.86672  20.09913  17.31831  14.85085  18.12063  20.93040  20.50275  20.92296  24.72054  21.27383  15.81452
  17.88226  21.47053  20.12086  20.61191  20.26993  21.82134  23.25639  21.47536  20.18173  21.40503  22.77744  16.12487
  17.75004  22.85173  19.06263  13.77608  20.11150  17.82224  19.55455  22.80870  19.58141  18.86138  20.44406  17.74456
  20.92895  14.77732  22.56587  21.99257  16.83981  19.95114  23.65493  24.89994  20.81330  19.90252  21.21639  21.41544
  20.44067  16.85696  15.41796  14.82868  10.37015  15.73647  15.99024  16.55119  16.76239  17.06692  18.46509  15.21906
  15.52148  19.76487  14.73231  15.67985  13.54465  16.14191  16.11865  16.30266  16.34048  16.92803  18.38539  17.32776
  13.73483  20.07559  13.24524  16.53986  13.63268  16.69606  20.06461  18.41365  17.00035  17.91605  16.62344  12.31889
  18.43754  18.43423  18.99794  17.68982  17.84154  16.94450  19.05984  18.15590  16.04410  13.54159  18.86676  16.18183
  16.15361  18.55731  15.58200  13.42799  16.45138  17.57312  20.24878  20.48136  18.37978  16.82263  19.75155  18.61189
  16.22641  18.23558  18.86302  18.72776  18.36879  13.76152  19.23780  18.21080  20.32057  14.84614  15.91216  21.25193
  20.94393  13.66647  16.13543  17.87045  18.21970  19.61165  20.10845  18.97099  20.58244  20.21304  23.58769  17.37200
  19.98110  17.94882  14.48534  12.32766  14.30779  18.34077  20.35299  17.65175  17.66356  20.44184  20.24191  20.28650
  21.39873  15.94851  18.75472  14.25934  17.76764  14.90496  20.02273  18.87288  17.09220  19.23246  17.82257  19.22948
  19.41208  17.85018  17.52317  16.83692  13.58882  17.17345  18.07777  18.26937  16.99282  19.08622  18.76763  20.16842
  15.45429  15.14477  15.96155  16.28037  19.64014  14.54000  17.26351  16.47104  15.64334  16.04204  15.40833  11.94419
  10.20940   9.99522  11.21910  13.16318  16.47660  18.93226  17.43501  16.57186  21.02341  19.91363  15.13405   7.41861
  15.74018  19.52935  15.65119  17.03545  14.10245  13.65677  16.03004  18.54666  17.50657  20.33643  17.69120  18.14252
  15.99650  16.23705  18.87098  13.14553  12.53434  11.07226  17.28761  15.93642  14.31566  15.82254  16.20891  17.79297
  15.50631  16.15517   6.28944  12.89794  15.26190  16.76784  17.18182  18.33565  17.64179  16.22410  20.02539  17.18021
  17.51900  16.44014  13.43538  12.31763  13.80272  15.40001  15.84014  14.40707  15.52922  16.24646  19.30796  15.90719
  19.02977  16.28823  19.72680  14.56170  16.53497  15.51416  18.70718  17.58268  13.21183  16.00124  18.68475  16.64417
  13.17435  20.40091  16.21963  13.21760  15.07333  15.51102  18.55228  17.88091  20.37388  19.14762  18.23443  19.11309
  16.58096  16.25902  17.63323  13.41422  14.06544  16.73918  18.91347  17.75936  18.26088  18.93335  17.82432  18.54728
  24.94268  21.91751   8.23139  14.25028  18.81094  15.37850  16.57943  17.24965  17.13498  16.67214  18.69029  16.17131
  15.99225  19.56625  17.15380  15.44392  16.48508  14.18594  13.56593  17.41596  17.15425  14.66664  19.28388  19.91668
